 3M 053
 A.R. SYSTEMS 380 049 152 193 234  
 ACCENT 049 152 195
 ACCUSOUND 516 658 502 513 684 753 541 673 195 456 601 514 193 214 054 720 533 699 361 616 049 198 
 ACEC 112 013 102 049 644 716 052 177 198 456 464 465 514 526 541 545 604 827 
 ACENTIC 122
 ACER 330 327 217 315 337 642 011 044 638 455 062 419 833 658 179 047 049 039 118 224  
 ACOUSTIC RESEARCH 745
 ACOUSTIC SOLUTIONS 044 163 166 196 214 049 351 438 457 468 472 030 509 533 541 613 654 697 800 118 833 776 714
 ACRONN 803
 ACTION 032
 ACURA 195
 ADCOM 098 827  
 ADL 723 361 783
 ADMIRAL 154 324 369 076 104 065 163 166 613 190 601 
 ADR 114
 ADVANTE 697 549 836
 ADVENT 697 245 836
 ADVENTURA 052
 ADYSON 379 181  
 AEA 049
 AEG 044 025 465 224 061 122 318 756 118  
 AFTRON 516 658 502 513 684 753 541 673 195 456 601 514 193 214 054 720 533 699 361 616 049 198 
 AG ELECTRONICS 735
 AGASHI 076 181 379 601
 AGAZI 087
 AGB 028 631  
 AGEF 324 054 063 102 163 190 049 232 472 509 513 517 537 539 541 193 601 610 616 658 678  
 AGORA 118
 AHB TVISION 152
 AIKO 379 049 076 102 104 039 152 181 195 214 225 247 601 611 618 699  
 AIM 673 198 616 658 049 684  
 AIRIS 690 179 245 803 847 826 783 
 AIRON 031
 AIWA 377 459 302 810 773  
 AKAI 047 638 379 050 055 066 076 102 104 123 039 152 182 195 225 428 433 437 011 166 181 214 222 231 235 247 049 465 60 611 618 622 631 633 649 655 669 672 673 734 792 810 813 198 118 350 800 348 402 756 764 
 AKARI 116
 AKASHI 195 514  
 AKI 121
 AKIBA 379 380 049 123 152  
 AKIRA 163 039 803 532
 AKITA 117
 AKITO 049 106 152 529 044 348 047 118 419 062 148 654
 AKURA 047 076 049 123 195 378 426 601 616 654 153 122 179 555 756 044 118 062 148 838 848 849 
 ALARON 042 181 379
 ALBA 047 457 232 049 050 104 123 134 163 166 168 181 195 214 225 379 421 018 610 620 654 810 813 419 526 550 455 803 732 756 787 800 
 ALBATRON 138
 ALBIRAL 371
 ALCO 146
 ALCYON 407
 ALDEN 148
 ALFAVIEW 031 699 697 512 052 244 250 355 698 406 385 816 720 047 382 746 759 798 361 751 353  
 ALIEN 118
 ALKOS 039
 ALLORGAN 379 236 094 050
 ALLSTAR 049 152  
 ALL-TEL 114 031  
 ALLURE 102
 ALTEK 155
 ALTUS 047 025  
 AMBASSADOR 004
 AMCOL 049
 AMEX 049
 AMITECH 044 163 166 196 214 049 351 438 457 468 472 030 509 533 541 613 654 697 119 850  
 AMPLIVISION 379 425 113 421 604  
 AMSTRAD 124 618 049 076 104 123 131 152 195 004 225 426 601 612 616 631 649 044 148 062 853  
 ANAM 049 075 152 195
 ANCONA 212
 ANDERIC REPLACEMENT 205
 ANDERSSON 044 118  
 ANEX 049 039 044 196 214 002 361 380 421 517 536 616 622 638 658 669 673  
 ANGLO 076 195 601
 ANHUA 062 638  
 ANIS 601
 ANITECH 378 049 076 152 195 045 407 601 
 ANSONIC 188 352 359 089 363 433 045 049 104 112 152 166 193 195 210 226 391 408 421 469 654 767 348
 ANTECNO 062
 ANVISIO 172
 AOC 034 129 489 532 073 807 405 
 APACHI 208
 APEX DIGITAL 179 038 039 036 037 361  
 APOLLO 622 756  
 APRO 348
 AQUAVISION 043
 AQUIVO 043
 ARC EN CIEL 074 165 182 186 424  
 ARCAM 181 379 424
 ARCELIK 047 174 025 350
 ARCTIC 350
 ARDEM 047 215 049 645
 ARENA 195 049 509 516 541 214 542 416 355 618 699  102 611 247 544 601 063 616 472 
 ARGENTINA 176
 ARGOS 047
 ARIS 732
 ARISTONA 049 050 065 079 112 152 160 122 
 ARKOS 039
 ART 118
 ART MITO 118 148 044
 ARTAX 179
 ARTHUR MARTIN 104 166 425
 ART-TECH 121
 AS 800 118 044 776 833  
 ASA 203 065 078 080 091 104 145 197 020 206 324 375 408 449
 ASBERG 407 049 152 045
 ASDA 797
 ASORA 195
 ASTAR 245
 ASTRA 049 195  
 ASUKA 379 076 123 181 378 050 601 062 
 ASUS 717
 ATAKI 195
 ATD 658
 ATEC 043
 ATLANTIC 049 050 071 113 152 181 236 379 469 604 044 
 ATLANTIS 062
 ATORI 195
 AUCHAN 104 166 425 044
 AUDINAC 180
 AUDIOLA 716
 AUDIOLOGIC 195
 AUDIOSONIC 047 152 074 076 049 123 125 165 182 193 195 089 215 223 379 421 433 601 419 031 118 555 732 848  
 AUDIO-TECHNICA 302 190 169 022
 AUDIOTON 379 076 215 050 421 601  
 AUDIOVOX 051
 AUDIOWORLD 658
 AUMARK 143
 AURIGA 245
 AURORA 195
 AUSIND 090 407  
 AUTOCOLOR 195
 AUTOVOX 407 071 078 079 080 083 090 156 236 324 379 050 449 044 118 419  
 AVENTURA 056
 AVERMEDIA 183
 AVION 058
 AVIOUS 740
 AVOL 148
 AVP 810
 AWA 018 049 162 131 152 161 181 193 194 195 226 320 379 426 433 465 601 616 
 AWATRON 195
 AXANE 049
 AXDIA 550 419  
 AXION 208
 AXXENT 195
 AXXON 047
 AYA 044 118  
 AYOMI 411
 AZUKI 756
 B&D 723
 BAIER 697 061 756 757
 BAIRD 147 074 102 023 165 182 198 218 233 379 409 179 419 494 707 754  
 BANG & OLUFSEN 480 319 324
 BARCO 104 166 371
 BASELINE 031 102 198 049 380 422 456 465 514 549 193 616 658 673 684 697 798  
 BASIC LINE 379 380 049 104 123 166 193 195 198 226 654 062 118 044
 BASTIDE 379
 BAUER 684 195 224 315
 BAUHN 493 530  
 BAUMANN MEYER 044 163 166 196 214 049 351 438 457 468 472 030 509 541 613 654 697  
 BAUMATIC 097
 BAUR 221 049 104 152 195 247 357 414 454 611 302 
 BAZIN 084
 BBK 833 834 835 493
 BEAUMARK 011
 BEIJING 198 350 030
 BEKO 215 152 049 163 039 241 421 433 465 685 047 350 025 118 776 756  
 BELCOR 405 011  
 BELSON 044 250 252 102 765  
 BELSTAR 049
 BENNET 049
 BENQ 017 807 310 535 532 833  
 BENSTEN 117 455 853 852
 BEON 049 152 163
 BEOND 847
 BERKENP 049
 BERTHEN 654 122  
 BEST 125 089 421
 BESTAR 049 152 193 226 421  
 BESTAR-DAEWOO 193
 BGH 493
 BIAZET 049
 BIFONIC 087
 BIGSTON 087
 BINATONE 379
 BLACK DIAMOND 039 044 049 223 673 821 118 526 
 BLACK PANTHER 045
 BLACK STAR 062
 BLACK STRIP 039
 BLACKTRON 378
 BLACKWAY 123 378  
 BLAUPUNKT 454 057 060 113 177 221 247 380 018 419  
 BLAUREN 748 456  
 BLU:SENS 499 497 498 342 344 404 413 415 348 849 850 
 BLUE DIAMOND 707
 BLUE MEDIA 184 043 047 118 654 122 153 049 807 039 350 061
 BLUE SKY 044 061 039 157 179 188 368 370 387 388 433 767 049 123 152 195 217 232 250 378 380 456 457 047 654 685 753 810 062 841 
 BLUE SKY 179 062 044
 BLUE STAR 378
 BLUEDIAMOND 419
 BLUEH 047 118 654 122 153 049 807 350 039 061  
 BLUETECH 803 762  
 BLUSH 179
 BOCA 350
 BOGO 803
 BOIGLE 185
 BOMAN 061
 BONDSTEC 063
 BOOTS 050 106 195 379
 BORK 516 658 502 513 684 753 541 673 195 456 601 514 193 214 054 720 533 699 361 616 049 198 153
 BOSCH 604
 BOSS 601
 BOXLIGHT 209 744  
 BPL 049 152 378 198
 BRANDT ELECTRONIQUE 452 165 008 074 182 196 218 233 237 424 436 462 489 603 827 807 044 118 047 186 163 166 438 457 468 472 030 509 533 613 654 049 351 697
 BRANIFF 195
 BRAUN 084
 BRENDSTAR 087
 BRIMAX 179
 BRINKMANN 049 152 163 215 654  
 BRIONVEGA 049 065 083 104 152 167 324 612 
 BRISTOL 796
 BRITANNIA 181 379  
 BROCKWOOD 011
 BROKLINE 201
 BROKSONIC 095
 BROTHER 076 601  
 BRUNS 324 215 065
 BSR 094 104 166 168 611  
 BTC 123 062  
 BUBUGAO 493 833  
 BUSH 457 047 214 610 025 049 076 094 106 104 123 134 166 193 195 198 018 217 225 226 232 378 379 448 601 611 613 658 678 734 808 810 821 822 168 118 419 350 044 833 011 423 654 736 555 062 122 179 547 308 620 438 039 494 704 714 730 731 732 740 800 848 838 
 BUTTERFLY 204
 BYD:SIGN 015
 CADMOS 195
 CAIXING 658
 CAMERON 833 714  
 CAMPER 049
 CANDLE 405 011  
 CANTON 123
 CAPSONIC 049 076 152 380 601  
 CARAD 049 435 654 118
 CARENA 380 049  
 CARNIBALE 405
 CARREFOUR 018 049 145 177
 CARVER 177
 CASCADE 049 064 152 195
 CASIO 049 152 166
 CAT 736 796  
 CATHAY 049 152 800
 CCE 049 152 379
 CELCUS 044 118  
 CELESTIAL 039 223 686 179
 CELLO 423 348 364 148 803  
 CENTREX 021 514 658 306 322  
 CENTRUM 049 118  
 CENTURION 049 152  
 CENTURY 324 163 065 411
 CGE 407 090 093 094 104 002 421 163 166 168 369 
 CHANGHONG 039 833 198 532 179  
 CHIKO 553 738  
 CHIMEI 738
 CHL 756
 CHROMEX 118
 CIHAN 217
 CIMLINE 123 134 195
 CINETEC 730
 CINEX 025 649 122
 CITIZEN 143 405 011
 CITY 195
 CLARITY 124 358  
 CLARIVOX 045 049 125 145 163  
 CLATRONIC 047 045 049 076 113 123 152 195 214 225 379 407 421 044 465 601 604 649 061 737  
 CLAYTON 049 118  
 CME 049 152 302 039
 CMS 181 379  
 CMX 532 530 762 765 764 761 855 756 
 COBOLT 514
 COBY 011
 COMBITECH 810
 COMET 122
 COMPACKS 394 844  
 COMPUTRON 049
 COMTEL 125 217  
 CONCERTO 011
 CONCORDE 195
 CONDOR 045 049 050 113 152 163 166 181 195 210 378 379 421 601 604
 CONIA 039 223 252 674 419 833 322 
 CONRAC 685
 CONRAD 049
 CONTEC 018 049 131 181 195 320 379 601 
 CONTINENTAL EDISON 232 008 165 074 182 186 424 462 603 697 044 163 166 196 214 049 351 438 457 468 472 654 030 509 533 613
 COOCAA 530
 COSMEL 049 125 195 089
 CPTEC 153 807  
 CROMA 532
 CROSLEY 407 324 065 090 093 094 104 166 
 CROWN 047 433 232 049 152 163 170 195 198 215 007 407 421 465 655 662 118 654 532 530  
 CRYPTON 044
 CRYSTAL 049 054 193 195 198 214 361 456 502 513 753 514 516 533 541 601 616 658 673 684 699 720 
 CS ELECTRONICS 123 181 379
 CTC CLATRONIC 049 166 063 206 673 613 611 810 540 539 633 102 198 351 536 428 479 678 476 045  
 CTX 807
 CURRYS ESSENTIALS 806
 CURTIS MATHES 126 143 154 169 190 306 419 405 
 CWN 122
 CYBERPIX 044
 CYBERTRON 123
 CYTRONIX 746
 D.BOSS 195 049 509 516 541 214 542 416 355 618 699 102 611 247 544 601 063 616 472 122  
 DAENYK 042
 DAEWOO 456 049 123 152 181 193 195 089 217 226 379 031 697 699 748 798 810 423 043 348 419 025 850
 DAEWOO DISPLAY 748
 DAINICHI 379 181 123 062
 DAITSU 642 719  
 DANSAI 018 039 049 076 152 181 195 198 379 601  
 DANSETTE 426 616  
 DANTAX 215 421 433 047 465 810 044 118 833 350  
 DATSURA 198
 DAVIS 744
 DAWA 049 152 195
 DAYTEK 194 655 658 720 162  
 DAYTON 049 152 195 226 720  
 DAYTRON 049 193 195 011
 DCE 047
 DE GRAAF 104 166 198 613 633  
 DEC 514 682 306 179
 DECCA 049 102 106 120 089 217 631 643 810 046 050 131 152 379
 DEITRON 049 123 152 193
 DELL 118 011 101
 DENKO 076 601  
 DENON 126 022  
 DENVER 121 049 465 637 716 348 419 148 526 224 756 803 061 732 850 740 737  
 DERWENT 105
 DESMET 049 113 152 195 604  
 DEW 348
 DEX 532
 DGM 325 430 432 756 419 803 853 783 785 789  
 DGTEC 102
 DIAMANT 049
 DIAMOND 514 688 223 195 214 601 658 181 
 DIBOSS 049 044 102 134 193 195 196 214 231 122 349 355 232 416 456 457 047 472 476 477 509 526 540 548 601 644 654 699 734 808 810  
 DICK SMITH ELECTRONICS 039 122 493
 DICRA 724 855  
 DIFFERO 044
 DIFRNCE 148
 DIGATRON 049
 DIGIFUSION 118 122  
 DIGIHOME 044
 DIGILINE 049 152 203 654
 DIGILOGIC 049 797  
 DIGIMATE 756
 DIGITAL DEVICE 043
 DIGITEK 179 223  
 DIGITOR 049 694 700
 DIGITREX 439 731  
 DIGIVISION 611
 DIGIX 699
 DIGIXMEDIA 699
 DIK 049
 DIKOM 044 803 833 733 762  
 DISHNETWORK 130
 DIUNAMAI 455
 DIVISION 224 756  
 DIXI 049 152 195 379
 DK DIGITAL 788 739  
 DL 031 049 637 514 526 153  
 DMTECH 496 751 816 348 786 179 850 
 DOMEOS 654
 DOMLAND 239
 DORIC 104 105 063 145 152 163 166 324 049 421 464 468 502 533 536 540 611 644 480 
 DREAMVISION 132 133 227 177 749  
 DREAN 049 152  
 DSE 025 223 694 700 039 122 493 
 DTS 195
 DUAL 379 239 469 049 050 104 152 156 166 168 182 089 222 233 234 044 243 414 417 424 040 195 224 423 047 061
 DUMONT 408 065 080 091 102 104 145 324 375 379 045 449 020 078
 DUNAI 166
 DUNLOP 762
 DURABASE 044
 DURABRAND 135 049 767 047 118 350 797 
 DUX 049 112 152
 D-VISION 049 224 122 756
 DVX 514
 DW DISPLAY 748
 DWIN 137
 DYNAMIC 087
 DYNATRON 049 152  
 DYNEX 140
 DYON 419 762 766
 E:MAX 465 245 061
 EASY LIVING 734 738 179 620 419 361 118 836 782  
 EASY TOUCH 419 493  
 ECCO 383 658  
 ECG 224 025 756
 ECRON 348
 EDISON-MINERVA 232
 EIKI 338 747  
 ELBE 631 435 369 104 123 152 166 210 243 247 391 411 421 469 611 612 049 644 122 
 ELBE-SHARP 631
 ELBIT 217
 ELCIT 045 046 065 104 166 168 324 631 697  
 ELECTA 378 076  
 ELECTRO TECH 195
 ELECTROGRAPH 157
 ELECTROHOME 158 555  
 ELECTROLUX 118
 ELECTROVIEW 245
 ELEKTA 378 049 195 076 601 322  
 ELEMENT 011
 ELENBERG 102 714  
 ELFUNK 049 198 118
 ELG 049 152  
 ELIN 408 049 104 152 166 181 195 203 379 020 611 633
 ELITE 049 123 152 604 062  
 ELMAN 045 168  
 ELONEX 814
 ELTA 379 181 195 076 601 788 739 
 EMCO 049 166 063 206 673 613 611 810 540 539 633 102 198 351 536 428 479 678 476 
 EMERSON 214 042 049 065 551 113 011 145 152 166 191 004 215 225 324 378 421 456 047 604 611 654 159
 E-MOTION 419 833 179 031
 EMPEROR 378
 EMPREX 846 843  
 ENOX. 423
 ENVIXION 405
 ENZER 673
 EPSON 799 837 794 839
 EPWORTH 773
 ERAE 250
 ERISSON 532 736  
 ERRES 152 049 112
 ESA 164
 ESC 049 152  
 ESSENTIALS 806
 ESTELE 166
 ETRON 049 054 104 152 166 195 223 
 EURO-FEEL 076 601  
 EUROLINE 049 732  
 EUROMAN 379 076 049 152 181 421 601 
 EUROPA 049 152  
 EUROPHON 631 046 049 050 068 045 104 120 152 166 168 181 379  
 EUROTRONIC 049
 EUROVISION 044 637 380
 EVESHAM 734
 EVESHAM TECHNNOLOGY 306 043 044 607
 EVOLUTION 004 102 195 206 250 049 410 417 472 476 478 510 516 536 540 734 807 810 
 EVOTEL 803 704 804
 EXCEL 049
 EXCELLO 118
 EXON 433 047  
 EXPERT 469 104 166 236 425 071  
 EXQUISIT 049 152  
 F&U 044
 FA 208
 FAGOR 049
 FAIR MATE 188
 FAIRTEC 250 118  
 FAMILY LIFE 049 152  
 FAST 854
 FAVI 030
 FEDDERS LLOYD 122 530  
 FENNER 152 193 195 226 044 807 118 547 438  
 FERGUSON 436 147 452 233 039 049 050 074 076 080 082 102 103 007 161 165 182 196 218 237 247 827 408 409 411 603 611 620 633 778 800 756  
 FIDELIS 087
 FIDELITY 049 050 076 104 152 166 181 214 225 379 810 601 611 613 616
 FILSAI 379 050  
 FINLANDIA 206 104 139 166 197 033 198 233 375 603 633 611 613  
 FINLUX 206 408 203 047 025 042 045 049 078 080 090 091 122 102 104 044 118 145 152 163 166 197 020 210 219 222 231 324 375 379 407 428 429 433 437 449 465 622 631 643 685 607  
 FINTEC 818 819 215 324 044 163 247 221 767 662 049 654 457 248 526
 FIRST LINE 505 506 507 026 161 163 174 373 380 389 390 393 400 644 767 193 049 044 045 094 102 104 134 152 166 181 191 195 198 210 226 685 753 250 379 411 456 457 047 611 654 153 118 122 
 FISHER 408 041 050 065 069 102 104 139 156 634 118 166 198 320 324 379 018 414 421 611  
 FLATDISPLAYS 696
 FLINT 380 049 102 123 152 435 601 
 FNR 045
 FOEHN-HIRSCH 011 245  
 FOJTECH 049
 FORCE 044
 FORMENTI 049 090 104 113 166 181 215 324 379 407 604 
 FORMENTI-PHOENIX 421 604 102 049 195 654 541 193 166 508 391 644 163 063 767 464 601 215 510 408 457 050 104 113 181
 FORTRESS 324 190 154
 FRABA 049 152 421
 FRIAC 045 049 152 195 421 435  
 FRONTECH 379 076 104 166 195 066 601 613 
 FUJICOM 762 322 179 107 148 044 394 766 
 FUJIMARO 031
 FUJITECH 049
 FUJITSU 657 045 071 049 102 104 166 195 234 236 379 469 611 042 692 774  
 FUJITSU GENERAL 166 195 379 774
 FUJITSU SIEMENS 044 734 746 755 738 685 607 
 FUNAI 042 076 094 601 616 654 551 159 044 738 047 118
 FUNAI UNITED 044
 FURICHI 514
 FUTRONIC 514 601 682 805
 FUTURE 049
 GABA 118
 GALAXI 045 049 152 166 611  
 GALAXIS 045 049 152 163 421  
 GALERIA 087 195  
 GATEWAY 173
 GBC 104 123 166 168 193 195 226 613 
 GE 074 011 165 182 196 218 233 237 378 603 827 807 747 779
 GEANT CASINO 104 166 425
 GEBER 175
 GEC 379 049 102 104 120 152 166 611 631 046 050 
 GELOSO 104 166 168 193 195 226 613 
 GEMSOUND 087
 GENERAL 064 074 165 182 603  
 GENERAL ELECTRIC 233 603 807
 GENERAL TECHNIC 195
 GENESIS 049 195  
 GENEXXA 049 104 123 152 166 195 426 616 062  
 GERICOM 031 043 699 719 723 746 361 685 
 GEVALT 250
 G-HANZ 532
 GIANT 472 508 380 049 616 214 215 536 421 478 232 163 509 654 533 166 601 063 195 457  
 GILBRALTER 405 011  
 GILMA 532
 G-LUXON 690
 GM 087
 GMG 087
 GODREJ 118
 GOGEN 044 118  
 GOLD 348 726 727 728 729 847 840 782 
 GOLDFUNK 654
 GOLDHAND 181 379  
 GOLDLINE 125 089  
 GOLDMASTER 171
 GOLDTECH 049 457  
 GOODING 232
 GOODMANS 001 194 018 039 042 049 076 062 102 104 123 134 807 152 182 193 195 196 214 217 218 225 226 231 232 233 237 379 350 428 066 456 047 601 631 637 644 654 699 734 808 810 122 550 714 731 848 736 800 838  
 GORENJE 421 118 044
 GP 536 166 063 206 673 613 611 810 540 539 633 102 198 351 049 428 479 678 476 
 GPM 123
 GRADIENTE 007 049 152 170 177  
 GRAETZ 044 049 090 104 152 166 198 214 225 047 611 118
 GRAN PRIX 649 224 824
 GRANADA 013 018 033 041 049 122 102 047 105 044 118 112 120 139 152 161 166 031 196 198 699 218 233 237 238 241 379 407 425 613 622 631 633 046 050 090 104 746 654  
 GRANDIN 435 380 378 047 031 049 719 104 113 123 152 166 193 195 250 425 433 604 654 699 720 758 118 350 025
 GREAT WALL 025 522 049 247 118 833 756 044 438 061  
 GRENADIER 011
 GRONIC 379 166 045
 GRUNDIG 221 454 039 049 080 090 122 011 145 152 194 195 217 018 232 233 247 250 547 407 421 620 637 644 658 810 813 162 148 419 803 526  
 GRUNKEL 044 833  
 GVA 153 493 803 530 122  
 H & B 685 786  
 HAAZ 658
 HAIER 328 601 658 011 697 335 419 302 
 HALIFAX 379 181 076 601
 HAMMERSTEIN 143 601  
 HAMPTON 379 181  
 HANDIC 044
 HANIMEX 094 123 810 062
 HANNS-G 029 052 836
 HANNSPREE 418 486 814 836
 HANSEATIC 379 049 050 094 350 104 748 807 113 152 166 195 215 217 235 239 241 324 378 018 391 421 456 047 604 611 685 122 786 
 HANSOL 122
 HANTAREX 631 046 049 152 195 045 751 775 803 224 031 
 HANTOR 049 152  
 HARLEY DAVIDSON 042
 HARSPER 719 031  
 HARWA 023 383  
 HARWOOD 232 049 152 195 426 616  
 HAUPPAUGE 049 152  
 HAVERMY 190
 HB 047 061 820
 HB INGELEN 047 061  
 HCM 378 076 049 123 152 163 195 616 379 426 601 
 HEDZON 049
 HELIX 011
 HEMA 195 379  
 HEMMERMANN 104 049 166 421 464 324 502 152 480 540 644 145 536 468 163 063 533  
 HEWLETT PACKARD 011
 HICON 746
 HIFIVOX 074 165 182 186 424  
 HIGASHI 050 181  
 HIGHLANDER 245
 HIGHLINE 049 076 152 601
 HIKONA 123 555 848
 HILINE 188
 HINARI 232 018 042 049 066 094 062 104 004 123 134 166 195 198 601 610 620 810 
 HISAWA 380 378 435 047 123 425 810 
 HISENSE 025 326 473 198 753 011 039 044 022 213 795 118 770 748 009
 HISS ELECTRONICS 763
 HIT 324 601 102 616 049 472 509 232 658 539 063 193 513 610 054 163 537 678 190 517  
 HITACHI 014 022 742 018 020 033 044 049 050 074 086 099 620 102 606 833 162 011 126 118 104 152 161 006 165 166 168 532 178 182 186 203 089 218 219 231 233 238 379 456 031 611 613 622 631 633 636 671 795 697 777 119 039 658 348 758 043 455 245 122 358 405 
 HITACHI FUJIAN 013 123 161 195 238 380  
 HITSU 123 195 380 435
 HMV 601 102 616 049 472 509 232 658 539 063 193 513 610 054 163 537 678 190 324 517  
 HOEHER 047 746 049 433 465 601 649 353 616 685 654 044 031 734 457 354  
 HOHER 025 031 047 044 122 049  
 HOME ELECTRONICS 465
 HORIZONT 757
 HORNYPHON 049 112 152
 HOSHAI 378 123 380
 HP 189 011  
 HPC 394
 HUANYU 181 193 226 379
 HUGOSON 244 723 361 738
 HUMAX 317
 HYD 162
 HYGASHI 181 379  
 HYPER 379 168 181 195 050  
 HYPERION 011
 HYPERSONIC 104 611  
 HYPSON 380 047 433 379 076 049 152 215 217 378 425 601 654 810 122 118  
 HYUNDAI 791 031 049 194 658 673 514 697 758 777 025  798 039 833 118 736 148 547 803 315 011 532 555 527 526 030 494 334 841 
 I GRASP 532
 IBERIA 049 152  
 IBERVISAO 175
 ICE 379 214 076 049 123 152 181 195 225 601  
 ICES 123 181 379 062
 ICOS 049 436 456 545 514 198 526 644 013 464 541 465 102 177 052 604 716  
 ICT 049 089  
 IDEAL 536 166 063 206 673 613 611 810 540 539 633  102 198 351 476 231 049 678 122 
 IEKEI 781
 IISONIC 194 052 162 836
 IIYAMA 244 723 361
 I-JOY 833 803 760 855 765  
 IKASU 453 423 737
 IKEA 450
 ILO 199
 IMPERIAL 407 049 090 093 094 104 152 163 166 168 210 369 002 421 611 644 224 796 
 INDIANA 049 152  
 INFOCUS 200 713 719 209 744  
 INGELEN 047 104 061 435 090 611 166 198 232  
 INGERSOLL 195
 INGO DEVICES 756
 INNO HIT 044 379 631 045 046 049 050 066 118 102 123 152 195 217 378 407  
 INNOVATION 049 152  
 INNOWERT 031 746  
 INOTECH 223 383  
 INSIGNIA 140
 INSPIRA 122
 INTEGRA 177
 INTERACTIVE 049 152 165 166 210 421 611 
 INTERBUY 076 049 152 195 601  
 INTERECORD 202
 INTERFUNK 324 065 067 074 090 049 104 152 165 112 611  166 182 421
 INTERNAL 049 152 193 456 122  
 INTERNATIONAL 181
 INTERVISION 378 380 049 055 076 421 104 123 152 166 195 214 215 225 232 235 239 045 379 601  
 INTEX 532
 IPURE 149 192 224 697 162  
 IRRADIO 214 066 090 049 123 152 195 407 
 ISIS 118 044  
 ISUKAI 378 049 123 152 380  
 ISYMPHONY 030
 ITC 379 604  
 ITL 087
 ITS 379 214 049 076 123 152 181 195 225 378 601 
 ITT 206 090 104 025 134 044 317 166 833 193 197 198 042 231 375 428 435 611 622 633  
 ITT-NOKIA 042 090 104 134 166 193 197 198 206 222 231 375 428 433 435 437 465 611 613 622 633  
 ITV 049 076 152 193 601 122  
 IZUMI 007 044 620 102 774 308  
 JAZZY 062 253  
 JDV 049
 JEAN 052 230 018 790
 JEC 039
 JENSEN 555
 JEPSSEN 043 228 683
 JET POINT 365
 JGC 179 737  
 JINLIPU 087
 JINXING 049 122  
 JMB 049 193 456 620 810 419 044 748 438 122  
 JNC 816 306 697 322
 JOCEL 662
 JOHN LEWIS 401
 JOUGE 789
 JTV 516 658 502 513 684 753 541 673 195 456 601 514 193 214 054 720 533 699 361 616 049 198 
 JUBILEE 049
 JUST QUALITY 118
 JVC 007 018 075 103 123 154 163 170 182 214 225 409 433 465 657 670 032 190 
 JWIN 697
 KAIDO 212
 KAISER 049
 KAISUI 378 380 379 050 049 123 152 181 195 062  
 KAMACROWN 062
 KAMBROOK 084 235  
 KAMOSONIC 050
 KAMP 181 379  
 KAON 820
 KAPSCH 469 104 166 236 408 071 611 
 KARCHER 047 025 045 049 050 068 076 122 104 152 166 195 217 378 421 435 020 465 601 678 061  
 KARVIA 394
 KATHREIN 049 217 699 122
 KAWA 214
 KAWASHO 181 379  
 KB ARISTOCRAT 104 166  
 KENDO 435 767 049 055 104 134 152 166 210 215 235 421 045 612 613 649 118 044 
 KENMARK 376
 KENNEDY 369 079 104 166 236 071  
 KENNEX 049 118  
 KENSTAR 455 796  
 KENWOOD 049 203 405
 KEYDO 322
 KEYMAT 455 852 841 853 780  
 KHIND 658 532  
 KIAMO 061
 KIC 472 611 044 166 539 231 536 633 219 622 198 613 355 193 484 465 206 049 604 435 468  
 KINGSLEY 181 379  
 KIOTA 087 054  
 KISS 683
 KITON 049 654  
 KLARMAX 371
 KLEGG 157
 KLH 039
 KLL 049
 KLOSS 405
 KNEISSEL 435 049 152 193 210 243 369 391 411 421 122 469 612 810
 KOBIC 087
 KOBRA 746
 KOGAN 419 011  
 KOLSTER 045 049 123 152 062  
 KONICHI 195
 KONIG 049 152  
 KONKA 049 062 123 152 163 214 225 252 047 637 647 674 679 526
 KONTAKT 232
 KORPEL 049 152  
 KORTING 065 094 113 324 421 604  
 KOSMOS 049 152  
 KOTRON 076 426 601 616
 KOYODA 195
 KRAKING 411
 KRIESLER 050 065 079 112 152 160 049 436 456 545 514 198 526 644 013 464 541 465 102 177 052 604 716
 KROSS 306
 KTV 050 379 405
 KUBA 166
 KUNFT 044
 KUPPERSBUSCH 011 122 049 047 384 350  
 KURO 445
 KYOSHU 076 163 426 601 616  
 KYOTO 104 166 181
 L&S ELECTRONIC 031 047 685
 LASAT 215 421  
 LAVA 001
 LAVIC 153
 LAVIS 049 166 118
 LAZER 044
 LEADER 087 195 315 532
 LECSON 049
 LEGEND 001 125 195
 LEMAIR 210 152  
 LENCO 049 104 152 166 193 195 226 408 637 667 550 526 118 796 762 848 842 764 
 LENOIR 050 195  
 LENOXX 198 049 380 195 509 435 355 385 102 166 610 438 716 047 611 031 232 134 193 601 810  
 LENTEC 245
 LESA 063
 LEVEL 332
 LEVIS AUSTRIA 049
 LEXSOR 161 023  
 LEYCO 049 076 094 102 152 601  
 LG(GOLDSTAR) 011 049 047 455 122 376 179 423 044 833 748 118 555 547 027 654 685 699 800 162 419 736 358 620 025 050 054 055 104 152 165 166 168 181 182 195 235 250 379 380 414 421 433 465 611 613 658
 LIESEGANG 742
 LIESENK & TTER 049 112 152
 LIFE 440 441 443 444 419  
 LIFETEC 047 734 076 049 123 152 193 195 089 226 440 441 443 444 601 654 657 118 786 
 LINETECH 044
 LINSAR 044 118  
 LLOYD'S 054 195 122 530
 LME 516 658 502 513 684 753 541 673 195 456 601 514 193 214 054 720 533 699 198 049 361 616 
 LODOS 044 049 118 806 361 699  
 LOEWE 495 001 035 049 089 120 152 324 391 421 554 612 631 645 681 046 065 144 500 
 LOGIC 701
 LOGIK 658 049 131 143 195 214 225 383 601 054 699 723 833 550 701 708 800 806 838 
 LOGIX 049 195 654
 LOWRY 721
 LUKER 049
 LUMA 469 049 104 118 152 166 613 193 195 210 226 236 071 612
 LUMATRON 049 076 104 654 419 147 152 166 236 379 469 601 611 612 613 782  
 LUX MAY 049 152 195
 LUXOR 206 166 044 050 090 049 118 622 611 613 178 197 042 198 219 222 231 375 428 429  
 LXI 011
 LYCO 076
 MAAZ 371
 MADISON 049 152  
 MAG 833 532  
 MAGNADYNE 631 324 046 065 104 120 045 166 168  
 MAGNAFON 379 631 046 050 068 090 120 147 181 045 407 
 MAGNASONIC 122 011 405
 MAGNAVOX 018 042 049 152 514 027 405 
 MAGNUM 047 433 440 441 443 444 049 649 
 MAJESTIC 762
 MALATA 550
 MANDOR 076 601  
 MANESTH 039 076 094 049 113 134 152 166 379 601 604 
 MANHATTAN 049 166 195 642 654 678 697 118 122  
 MANTA 532 322 737
 MAQMA 031 699 697 512 052 244 250 355 698 406 385 816 720 047 382 746 759 798 361 751 353 322 043 179 394 843
 MARANTZ 049 152 217 616 791 122 318 171 177 405  
 MARCA CANARIA 348
 MARELLI 324 601 102 616 049 472 509 232 658 539 063 193 513 610 054 163 537 678 190 517  
 MARK 049 152 181 193 195 226 379 433 047  
 MARKS & SPENCER 348 364 423 849
 MARQUANT 731
 MASCOM 049 102 031 616 514 673 198 658 422 684 456 549 193 697 380 798 465 025 224 122  
 MASCOT 063
 MASTEC 787
 MASTER'S 049
 MASTRO 658 122  
 MASUDA 049 123 195 214 225 601 438 620 806 044 247 738 198 118 047 062  
 MATSUI 620 232 018 039 041 049 050 094 100 699 102 106 104 131 134 139 122 803 152 166 195 196 198 214 218 225 247 379 380 047 610 613 618 004 631 810 714 783 806 738 
 MATSUSHITA 075
 MATSUVIAMA 637 526  
 MAXAM 087 601  
 MAXDORF 383
 MAXENT 242
 MAXIM 025 049 122
 MAXIMAL 104
 MAXWELL 371
 MCE 195
 MCTRONIS 739
 MEDIALINE 031 699 697 512 052 244 250 355 698 406 385 816 720 047 382 746 759 798 361 751 353 719 044 685 607 419 118  
 MEDIATOR 049 112 152
 MEDION 329 049 162 152 195 089 217 457 047 654 658 685 699 734 767 808 810 825 833 786 122 756 118 850  
 MEGAS 435
 MEGATRON 011 126  
 MEI 049 118  
 MELECTRONIC 206 203 049 074 350 152 165 166 181 182 193 195 197 020 210 219 226 231 233 375 379 408 428 429 456 047 603 611 247 748 
 MELVOX 425
 MEMOREX 075 099 011 143 195 217 833 118 
 MEMORY 848
 MEMPHIS 102 125 195 089
 MERCURY 054 049 152 195
 MERMAID 049
 MERRITT 166 611 633
 METRONIC 807
 METZ 044 049 065 067 070 092 122 207 221 247 248 324 412 420 454 637 654 818 819 823 307 118 786
 MGA 062 049 011 123 408  
 MICROMAXX 049 152 195 644 654 685 532 047 061 786  
 MICROSPOT 430
 MICROSTAR 440 441 443 444 685  
 MICROTEK 223
 MIKOMI 044 118  
 MINATO 049
 MINERVA 232 090 145 161 221 607 247 080 407 454 631 
 MINISTRY OF SOUND 044
 MINOKA 049 152 426 616
 MINTEK 246
 MIRAI 031 699 697 512 052 244 250 355 698 406 385 816 720 047 382 746 759 798 361 751 353 553 738
 MIRROR 808
 MISAKAI 135
 MITASHI 803
 MITSAI 122
 MITSUBISHI 007 013 018 049 065 105 011 131 152 154 161 190 198 221 247 324 454 118 122 110 405  
 MITSURI GENERAL 166
 MIVAR 391 050 072 081 090 120 181 379 046 407 414 421 434 631
 MOGEN 148 735  
 MONACO 195
 MOOKA 315
 MORGAN_S 049 152  
 MORPHY RICHARD 710
 MOSERBAER 532 697 118 044
 MOTION 407
 MOTOROLA 154 190  
 MOXI 251
 MP MAN 419
 MTC 143 152 166 181 379 421 611 405 
 MTEC 106
 MTLOGIC 047 049 419 118 732  
 MULTISTANDARD 045
 MULTITEC 025 049 152 195 215 654 118 122 
 MULTITECH 045 046 049 050 613 120 152 181 195 215 379 407 421 601
 MURPHY 438 102 104 105 044 166 419 181 379 408 620 423 850  
 MUSIKLAND 049 123  
 MX ONDA 555 148 848 838
 MY TV 754
 MYCOM 011 194 162
 MYRICA 738 746  
 MYRYAD 049 122  
 MYSTERY 532
 NAD 104 011 166 169 198 611 031 049 
 NAIKO 049 152 465
 NAKIMURA 049 152 193 226
 NAONIS 040 071 079 104 166 613  
 NARITA 049
 NAT 033 085 151
 NATIONAL 033 085 104
 NAXOO 177 171 697 122 524 602  
 NEC 025 010 007 018 049 113 131 152 177 193 179 195 226 227 379 380 456 604 637 660 825 043 350 039 405 743
 NECKERMANN 324 049 050 065 104 152 163 166 210 217 247 002 357 379 421 604 613 302 122 
 NEDIATOR 152
 NEI 049 125 152 166 214 225 118 
 NEO 061
 NEON 348 364 423 179
 NEOVIA 031 194 250 697 719 751 755 759 816 049 162 
 NESCO 042 810  
 NESX 430
 NETSAT 049 152  
 NETWORK 125 089  
 NEUFUNK 047 049 123 152 195 378 435 062 833  
 NEVIR 044 762  
 NEW ACOUSTIC DIMENSION 031 049  
 NEW TECH 379 050 049 152 182 195 233 
 NEW WORLD 123
 NEXUS ELECTRONICS 011
 NFREN 683
 NICAMAGIC 181 379  
 NIKAI 044
 NIKKAI 018 039 049 066 076 102 104 123 125 062 601 152 181 195 089 379 737  
 NIKKEI 044 118 224 419 047  
 NIKKO 011 405  
 NINTAUS 516 658 502 513 684 753 541 673 195 456 601 514 193 214 054 720 533 699 361 616 049 198 
 NISHI 624
 NISSAN 824
 NOBLEX 049 076 152
 NOBLIKO 045 050 080 090 145 181 379 407 
 NOGAMATIC 074 165 182 186 424  
 NOKIA 166 206 104 134 165 090 193 197 198 219 222 226 231 375 428 429 433 435 437 465 604 611 622 633  
 NORDIC 611 044 166 539 231 536 633 219 622 198 613 355 193 484 465 206 049 604 472 435 468  
 NORDMENDE 165 233 074 083 049 104 152 166 182 186 196 218 237 247 424 047 603 514 734 118 455 044 786 807 757 796
 NORFOLK 166
 NORMEREL 049
 NORTEK 654
 NORTHERN STAR 031 699 697 512 052 244 250 355 698 406 385 816 720 047 382 746 759 798 361 751 353 255 719
 NOVA 087
 NOVAK 049
 NOVATRONIC 020 049 152 193 203 226  
 NOVEX 833
 NOVITA 759
 NURNBERG 166 611  
 NU-TEC 658 380  
 NUVISION 198
 O GENERAL 087
 O.K.LINE 061 118 122
 OCEANIC 166 094 104 108 109 086 198 231 425 611 622 633 786  
 ODEON 076 601 550
 ODYS 550 419 817 762 805  
 OK LINE 061 118 122
 OK. 044 419 708 752
 OKANO 049 076 102 152 195 421 601 
 OKI 049 001 312 010 044 025 118 419 
 OLEVIA 331 489  
 OLIDATA 194 162  
 OLYMPIC 087
 OMEGA 076 601  
 OMNI 658 514  
 ONCEAS 050
 ONEI 044
 ONIDA 122
 ONIMAX 047
 ONN 044 613 163 351 697 049 509 654 468 472 196 533 030 457 214 166 438 803 348 179 025 118 
 ONWA 214 123 045 225 618 638 062 714 757 797  
 ONYX 179 348  
 OPERA 049 152 047 118
 OPTIMUS 075 099 169
 OPTOMA 333
 OPTONICA 154 190  
 ORAVA 118 044  
 ORBIT 049 152  
 ORCOM 784
 ORIENT 087
 ORIENTAL PACIFIC 153
 ORION 047 620 610 023 042 045 049 076 094 555 532 113 131 134 104 152 191 195 216 366 367 426 004 601 604 616 631 699 810 161 350 224 118 786 803 685 781
 ORLINE 049 123 152
 ORMENTI-PHOENIX 104
 ORMOND 049 195 654
 ORSOWE 631
 OSAKA 066
 OSAKI 049 066 076 102 106 123 152 193 226 379 062 426 601 610 616
 OSIO 049 152  
 OSO 123 062  
 OSUME 018 049 102 123
 OTAKE 066
 OTHER LINE 084
 OTIC 555 838 848
 OTTO VERSAND 221 033 049 050 074 094 104 113 631 302 122 134 152 154 165 190 195 217 218 018 233 247 357 362 378 379 414 454 604 611 
 OVP 049
 P.T ACTRON 217
 PACE 810
 PACIFIC 316 049 089 047 620 438 118 061 122 730 797 
 PAEL 050 181 379
 PALLADIUM 324 049 104 152 163 166 210 089 247 118 357 379 421 047 613 644 302  
 PALSONIC 001 019 023 015 049 054 055 076 062 123 152 163 235 379 383 426 601 616 658 678 679 715 550 161 102 419 524  
 PANAMA 049 076 152 181 195 379 601 
 PANASHIBA 054
 PANASONIC 099 115 032 152 304 104 016 033 049 054 075 011 143 151 161 166 207 249 396 420 461 611 631 633 692 141 044 027 122 039 743  
 PANAVIDEO 032
 PANAVISION 049 152 210
 PANAVOX 339
 PANDA 532 658  
 PANGOO 718
 PANORAMIC 340
 PAPOUW 049
 PATHE CINEMA 425 113 166 181 379 391 411 421 104 604 050 168
 PATHE MARCONI 008 074 165 182 186 424 462 
 PAUSA 195
 PEAQ 044
 PENDO 419
 PENSONIC 532
 PERDIO 049 102 104 113 152 166 181 378 604  
 PERFEKT 049 152  
 PERSHIN 425
 PHILCO 324 016 049 065 090 093 094 126 104 152 163 166 168 002 369 407 421 405 
 PHILEX 166
 PHILHARMONIC 379
 PHILIPS 368 027 025 008 049 050 065 079 089 007 807 112 152 160 182 193 195 216 217 220 226 233 247 324 427 611 667  
 PHOCUS 047 049 350 118
 PHOENIX 049 050 102 104 421 604 113 152 166 181 215 324 379  
 PHOENIX APOLLO 756
 PHONOLA 049 050 065 079 112 152 160 181 324 379  
 PHONOTREND 796
 PILOT 662 049 152 658 179 039 405 
 PIONEER 003 049 074 104 131 152 165 166 177 182 198 215 218 233 421 427 603 611 675 169 006 531 530 172 032 122 419 348 023 044 047 025 162 
 PIONIER 699 786 776 118 148 697 224 803 061 833  
 PLANTRON 049 076 152 195 601  
 PLAYSONIC 047 198 379 433 049 350  
 PLUS 743
 PLUSTRON 348
 POLAR 315
 POLAROID 001 343 833 025 044 358 023 102 704 838  
 POLICOM 045 074 145 165 166 221 611 
 POLYTRON 378 315  
 POPPY 195
 PORTLAND 193 226 456
 POWERPOINT 232 658 348 148
 PRAGMA DIGITAL 685
 PRANDONI-PRINCE 046 090 104 120 407 611 613 631 
 PRECISION 379
 PREMIER 104 195 601 814
 PRESIDENT 514
 PRIMA 023 076 104 195 601 616 161 049 658 122 011 524
 PRIMEVIEW 043 023  
 PRINCE 046 104  
 PRINCESS 087 658  
 PRINCETON 451
 PRINSTON 049 044  
 PRINZ 102 178 611
 PRO VISION 245 047 061 224
 PROFEX 104 166 195 407 611 613  
 PROFI 195
 PROFILO 122
 PROFITECH 049
 PROFI-TRONIC 045 049 152
 PROLINE 436 049 102 112 191 194 210 366 179 456 643 644 827 044 748 118 807 776 800 419 376 162 766
 PROSCAN 345 803  
 PROSONIC 049 085 151 152 181 193 195 214 225 226 179 379 421 047 654 732 781 800 786 796 842 776 850
 PROTECH 457 049 076 118 104 125 152 163 166 195 215 378 379 045 601 654  
 PROTEK 455 824  
 PROTON 346 011  
 PROVIEW 833 838  
 PROVISION 047 049 152
 PROXIMA 209 747  
 PULIER 118
 PVISION 697 250  
 PYE 050 065 079 049 112 152 160 193 226 324 616 122
 PYLE 803
 PYLE HOME 803
 PYMI 049 112 152 195 226 324  
 Q.BELL 803 532  
 Q.MEDIA 803 796  
 QILIVE 044
 QONIX 740
 QUADRA VISION 425
 QUADRAL 123 062  
 QUADRO 049 229 245 673 044  
 QUART 061
 QUARTEK 043
 QUASAR 031 045 046 068 075 099 195 
 QUELLE 018 020 049 050 074 076 078 080 090 091 094 104 113 131 145 152 165 195 203 206 221 247 320 357 379 408 449 454 601 611 654 302 118 
 QUESTA 018
 RADIALVA 049 074 104 123 125 152 165 166 603 122  
 RADIOLA 049 008 050 065 079 112 152 160 
 RADIOMARELLI 045 046 065 049 104 105 152 168 324 631  
 RADIONETTE 020 104 047
 RADIOSHACK 049 011 152
 RADIOTONE 049 076 118 152 163 195 421 426 601 616 649 654
 RANK 145
 RANK ARENA 018 638 673
 RBM 145
 RCA 154 190 196 218 233 237 436 673 827 807  
 REALISTIC 011 405  
 REALITV 472 613 163 351 697 049 509 654 468 044 196 533 030 457 214 166 438  
 REALITY 472 613 163 351 697 049 509 654 468 044 196 533 030 457 214 166 438  
 RECONNECT 530
 RECOR 049 152 163
 RECTILIGNE 049 152  
 RED 722
 RED STAR 536 166 063 206 673 613 611 810 540 539 633 102 198 351 476 231 049 678 152 
 REDIFFUSION 018 059 104 105 206 611 633 
 REFLEX 049 152 654
 REFLEXION 419 756  
 REGENTE 087
 RELISYS 194 031 697 698 719 720 746 833 162 118 838 
 RENDER 803
 REOC 456 047 224
 REVOX 049 685 152 421
 REX 040 071 079 104 601 152 166 613 210 236 243 469
 RFT 076 049 102 215 241 324 391 421 601  
 RHAPSODY 181 379  
 RICOH 049
 RINEX 163 383  
 R-LINE 049 152 166
 ROADSTAR 047 076 049 123 152 163 195 378 062 601 654 716 808 118 148
 ROBOTRON 065 324 601 102 616 049 472 509 232 658 539 063 193 513 610 054 163 537 678 190 517  
 RODEX 049 152  
 ROLSEN 532 786 697 493 122  
 ROMSAT 044
 ROSITA 087
 ROVER 018 698  
 ROWA 049 181 195 448 601 637 658 662 526  
 ROWA 532 049 039
 ROWSONIC 050
 ROYAL 509 190 513 542 355 502 214 638 545 465 517 673 540 163 658 458 520 044 543 
 ROYAL LUX 196 421 426 616
 RTF 065 049  
 RUBIN 532
 RUKOPIR 049
 RUNCO 356 030 642 526 771 049 405 
 SABA 165 065 074 075 077 104 118 120 046 166 182 186 196 218 233 237 324 424 436 452 047 603 611 627 631 633 827 807 044 489 
 SACCS 411
 SAGA 224
 SAGEM 311 378 380 435 642  
 SAGEM 642
 SAISHO 379 050 076 104 131 134 166 195 004 601 631 783
 SAIVOD 044 049 654 662 118 348 122 
 SAKAI 166
 SAKURA 087
 SAKYNO 380
 SALORA 166 104 122 786 025 044 224 033 419 178 198 756 231 611 613 631 633 643 
 SALSA 196
 SAMBERS 631 046 068 090 120 407 045 
 SAMPO 242 405  
 SAMSUNG 030 832 122 827 049 050 066 076 642 102 011 143 152 154 166 181 195 198 217 240 365 379 414 421 492 601 624 637 405 
 SANDRA 379 181  
 SANDSTROM 473 224 708
 SANELA 411
 SANKEN 161 198 118 524 044 338 833 023 489 032  
 SANSUI 658 049 152 214 225 250 380 638 322 668 669 673 694 700 736 179 800 764 
 SANTON 195
 SANYO 314 018 020 041 049 050 065 118 102 104 131 139 152 161 166 177 181 195 198 532 215 320 379 391 408 421 634 660 667 747 
 SAVE 049 152  
 SAVILLE 810
 SBR 049 112 152 122
 SCANSONIC 044 842  
 SCEPTRE 372 361  
 SCHAUB LORENZ 005 090 104 047 118 025 224 061 529 193 198 215 250 433 062 465 030 611 633 044 419 786 122 654  
 SCHAUREN 815
 SCHNEIDER 008 040 049 050 065 069 079 122 104 654 810 112 123 145 152 156 160 166 168 182 195 089 214 225 233 234 239 243 379 414 417 456 457 047 469 611 649 757  
 SCHONTECH 118
 SCOTLAND 166
 SCOTT 716 011 042 348 555 757 848 
 SEARS 042 011  
 SEAWAY 456 748  
 SEELTECH 722
 SEELVER 049 118 122
 SEG 044 018 045 049 050 076 104 123 152 423 118 166 181 195 232 379 748 407 456 457 047 601 612 654 767 025 833 854  
 SEI 004 045 049 094 104 152 166 236 324 357 631 302
 SEI SINUDYNE 045 049 446 631 302  
 SEIKI 511 515 519 850 803  
 SEITECH 723 061  
 SELECLINE 044
 SELECO 469 040 071 079 104 613 152 166 612 206 210 214 236 243 369 018 601 749 
 SELTI 683
 SEMP 039
 SEMP TOSHIBA 814
 SENCOR 047 756 224
 SENCORA 195 224 047
 SENSE 849
 SENSEI 322
 SENTRA 039 104 123 195
 SERINO 435 181 380 154
 SEVIC 801
 SHANGHAI 198
 SHARP 190 308 007 018 044 094 154 170 320 362 631 675 811  
 SHERWOOD 374 697  
 SHINELCO 419
 SHINTOSHI 049
 SHIVAKI 049 011 193 620 224  
 SHORAI 042 094  
 SHOW 087 195 163
 SIAM 049 152  
 SIAREM 045 046 065 104 120 166 324 631 
 SIEMENS 221 049 066 611 104 113 152 018 247 320 454 
 SIERA 050 065 079 049 112 152 160 637 122  
 SIESTA 421
 SILVA 049 152 181 379 611 649  
 SILVA SCHNEIDER 025 224 049 122
 SILVER 018 042 049 076 104 152 166 380 433 611  
 SILVERCREST 049 044 118
 SIM2 381
 SIM2 MULTIMEDIA 749
 SIMPSON 405
 SIMZ 148
 SINGER 324 049 065 122 104 152 166 195 196 045 369 425 792  
 SINOTEC 383
 SINUDYNE 324 045 065 094 049 104 044 061 134 810 152 166 210 216 236 004 357 366 367 611 631 302 
 SKANTIC 104 472 613 163 351 697 049 509 654 468 044 196 533 030 457 214 166 438 
 SKY 699 049 011 152 378 487 490 784 790 836  
 SKY MEDIA 179 230 315 699 162 052 043 
 SKYMASTER 203
 SKYSONIC 673
 SKYWORTH 448 530 005 122 049 521  
 SL 179
 SLIDING 031 683 720 699 758 122 061 
 SLX 654
 SMARAGD 232
 SMARTVISION 848
 S-MEDIA 031 699 697 512 052 244 250 355 698 406 385 816 720 047 382 746 759 798 361 751 353  
 SNOW 118
 SODIFF 824
 SOEMTRON 031 746  
 SOGERA 113 604  
 SOGO 162 732 756
 SOLAVOX 066 049 102 104 166 611 633 
 SOLE 386
 SONAWA 123
 SONBER 045
 SONIKO 049
 SONIQ 322 323 325 746 306 394  
 SONITRON 379 198 421
 SONIX 162
 SONNECLAIR 049 152  
 SONOKO 378 379 049 050 076 152 195 601 
 SONOLOR 104 166 198 357 378 425 611 633 302  
 SONTEC 049 094 152 195 421  
 SONTECH 848
 SONY 302 301 018 045 049 131 154 177 211 357 552 609 142 749 022 190  
 SOUND & VISION 045 049 123 193 226  
 SOUND WAVE 049 113 163 849
 SOUNDESIGN 042 011  
 SOUNDMASTER 087
 SOUNDWAVE 433 163 049 604 423 348  
 SOVOS 756 711 712
 SOYEA 383 658 803 532 306 122 322 179 011  
 SPECTRA 195
 SR STANDARD 179 062  
 SSANGYONG 195
 STAKSONIC 195
 STANDARD 379 050 049 113 123 152 193 195 226 604 796 736
 STAR 049
 STARION 118
 STARLIGHT 049 076 104 152 195  
 STARLITE 049 166 195 601 616  
 STENWAY 378 123  
 STERN 040 071 079 104 613 152 166 601 210 236 243 369 469  
 STEVISON 025 049  
 STRATO 049 076 152 195 601 842  
 STRONG 312 044 049 696
 STYLANDIA 611 044 166 539 231 536 633 219 622 198 613 355 193 484 465 206 049 604 472 435 468  
 SUNBRITETV 301
 SUNGOO 493 607  
 SUNIC LINE 049
 SUNKAI 610 435 232 031 049 094 833 123 134 152 191 367 380  
 SUNNY 195 049 509 516 541 214 542 416 355 618 699 102 611 247 544 601 063 616 472 122  
 SUNSTAR 049 152 195 214 225 601  
 SUNSTECH 254 786 348 044
 SUNWATT 380
 SUNWOOD 049 152 195
 SUOYI 658 803 532 306 122 322 179 011 
 SUPERIOR 118
 SUPERLA 379 631 181
 SUPERSONIC 380 049 198 601 658 684  
 SUPERTECH 049 123 152 181 195 379  
 SUPERTON 516 658 502 513 684 753 541 673 195 456 601 514 193 214 054 720 533 699 361 616 049 198 
 SUPERVISION 516 658 502 513 684 753 541 673 195 456 601 514 193 214 054 720 533 699 361 616 049 198 
 SUPRA 011 193 195 226 530 039  
 SUPRATECH 332 336 341 402 403 806 756 
 SUSUMU 123 196 218 603 062  
 SUTRON 195
 SVA 472 601 658 054 465 662 380 684 049 163 541 195 102 152 513 792 198 514 526 533 833 031 122
 SVASA 684
 SWEDX 043
 SWEEX 803 419 809
 SWEYK 705
 SWISSFLEX 179 419 052 043 699 230 315 803 
 SWISSLINE 536 166 063 206 673 613 611 810 540 539 633 102 198 351 476 428 479 049 678 
 SWISSTEC 784 048 699 031 162 836 790 850 
 SYDNEY 181 379  
 SYLVANIA 392 551 405
 SYMPHONIC 392 459 510 447 810 354  
 SYSLINE 049
 SYTONG 379 181  
 T+A 819
 TACTUS 106
 TADISTAR 062
 TALENT 395
 TANDBERG 165 074 078 104 125 065 166 182 207 210 089 420 449 611 612
 TANDY 050 102 104 123 154 166 190 379 062  
 TARGA 397 250 803
 TASHIKO 018 050 104 166 177 181 379 613 
 TATUNG 379 049 050 127 102 106 120 131 152 217 250 025 631 643 734 807 810 607 122 061 358 757 
 TAURAS 224 757  
 TCC 658
 TCL 504 062 501 503 398 828 829 830 831 489 752 
 TCM 440 441 443 444 047 685 118 786 
 TD SYSTEMS 049 662 118 044 658 534 803 102 047 242 348 550 419 153 148 179 654 011 122 833 152 526 
 TEAC 010 012 044 049 076 547 011 152 163 177 195 217 242 378 380 426 448 456 457 047 601 616 654 658 662 667 767 555  
 TEC 040 050 064 049 125 166 168 195 196 089 218 243 379 469 611
 TECH LINE 044 767 049 152 195 654 118 
 TECH LUX 716
 TECHICA 123 062  
 TECHNEMA 113 604  
 TECHNICA 419 118 534 044
 TECHNICAL 044
 TECHNICOLOR 807
 TECHNICS 075 099 122
 TECHNIKA 312 044 061 062 049 195 025 419 534 224 555 494 800 850 848
 TECHNISAT 048 049 166 642 044 122 796 
 TECHNISSON 047 350  
 TECHNO 118 044  
 TECHNOL 188 516 658 502 513 684 753 541 673 195 456 601 514 193 214 054 720 533 699 361 616 049 198 042  
 TECHNOSONIC 049 807 061 122
 TECHNOTREND 322 245 796
 TECHVISION 179 841  
 TECHWOOD 044 118  
 TECKTON 162
 TECNIMAGEN 049 122  
 TECO 378 833  
 TECOVISION 803
 TEDELEX 658 163 195 198 379 465 637 049 514 792 736 
 TEIRON 195
 TEK 472 601 658 054 465 662 380 684 049 163 541 195 102 152 513 792 198 514 526 533  
 TEKNANT 049
 TEKNIKA 042 143  
 TEKON 087
 TELE SYSTEM 697 044 118 837
 TELEAVIA 008 074 165 182 186 218 233 424 462 603  
 TELECOR 049 104 123 152 166 239 379 469 
 TELEFAC 087
 TELEFONICA 044 807 118 322 756 122 306 526 047 685 039 
 TELEFUNKEN 452 233 165 025 039 049 064 074 082 827 147 152 182 186 187 196 206 215 218 223 784 237 424 436 047 489 603 627 637 658 662 674 702 762
 TELEFUSION 049 152  
 TELEGAZI 049 076 104 123 152 166 469 601 
 TELEMEISTER 049 113 152 604
 TELEOPTA 049
 TELERENT 202
 TELESONIC 049 152  
 TELESTAR 049 122 152 195 616 796 850 
 TELETECH 049 044 125 152 195 089 654 118 
 TELETON 469 379 067 071 104 166 236 018 613  
 TELEVIDEON 050 104 113 166 181 379 604 
 TELEVIEW 049
 TELEVISO 425
 TELEXA 045
 TELSTAR 322
 TEMCO 094
 TEMPEST 049 152 195 601
 TENNESSEE 049 152  
 TENSAI 214 379 020 050 055 094 049 113 123 152 166 193 195 203 225 226 235 408 433 066 604 118 062
 TENSON 087 604 195
 TERRA 011
 TERRIS 044
 TESCO 419
 TESLA 049 833 348 654 122 350 419 047 607 025 746 118
 TESMET 170
 TETUNG 046
 TEVION 313 025 039 049 044 152 195 089 252 047 649 654 685 734 746 122 118 224 529 841 842 838 782 796  
 TEXET 050 123 181 193 195 226 379 
 THES 833 725 781 840 793 850 768 
 THOMAS 459 510 447 810 354 807  
 THOMAS AMERICA 807
 THOMSON 321 008 024 026 049 064 074 807 134 152 165 181 182 186 196 218 489 233 237 424 436 462 603 604 827 752 779  
 THOMSON LIFE 807
 THORN 147 233 018 039 049 302 102 103 106 131 139 611 145 152 161 165 193 196 217 218 221 226 238 408 409 411 454  
 THORN-FERGUSON 039 074 076 080 082 049 103 611 161 165 196 218 357 302 375 408  
 THTF 322 706  
 TIME 496 322 394 844 787  
 TINY 023
 TINY DIGITAL 822
 TMK 004 011  
 TML 807
 TOBISHI 123
 TOBO 188
 TOKAI 049 118 102 104 125 152 166 193 195 089 226 379 654  
 TOKAIDO 049 118  
 TOKYO 039 181 379
 TOMASHI 378 123  
 TONGTEL 637 514 526
 TOP SHOW 472 601 658 054 465 662 380 684 049 163 541 195 102 152 513 792 198 514 526 533  
 TOPLINE 049 654  
 TOSHIBA 039 145 810 018 025 032 044 045 075 049 011 128 143 165 195 227 247 369 379 047 642 814 658 713 813 744
 TOSONIC 039
 TOSUMI 818 819 049 481 207 215 324 044 163 247 221 767 662 526 654 457 248 348 
 TOWADA 045 379 179
 TOYODA 195 214 601
 TRAKTON 076 195 601
 TRANS-CONTINENTS 031 433 720 758 049 195 166 435 047 643 654 193 472 541 604 508 198 509 380 457 250 699 215 046 122 118 104 152 379 726 
 TRANSONIC 803 049 526 153 152 662 163 195 380 448 601 637 658 737
 TRANSTEC 379 181  
 TREVI 087 803  
 TRIAD 049 123  
 TRICAL 545 355 190 513 542 502 214 638 509 465 517 673 540 163 658 458 520 044 543 
 TRIDENT 379 631  
 TRIO 734 746 049 433 465 601 649 353 616 685 654 044 031 047 457 354 607 833 838 
 TRISTAN AURON 419
 TRISTAR 123 601  
 TRIUMPH 004 046 049 128 152 197 206 375 631  
 TRIVISION 087
 TRUTEK 431
 TSOSCHI 378
 TUCSON 044
 TUSSOCK CREEK 394
 TVE 756
 TVH 188
 TVTEXT 95 049
 TWF 463
 UHER 469 069 071 080 090 049 104 113 152 163 193 215 226 231 236 407 414 421 604 
 ULTRA 409
 ULTRAVOX 379 324 226 045 049 050 065 118 104 181 193 152 166  
 UMC 031 699 697 512 052 244 250 355 698 406 720 047 382 746 759 798 361 751 385 353 816 043 419 534 179 803 850  
 UNIC LINE 049 701  
 UNIC RADIO 049 152 380 622
 UNICORN 419
 UNIDEN 044 118  
 UNITED 047 433 049 526 122 152 637 810 044 530 118 350 023 555 803 848 762 850 
 UNITEK 179
 UNITRONIC 389
 UNIVERSAL 049 047  
 UNIVERSUM 203 206 221 002 004 018 020 044 049 074 076 094 685 104 118 125 131 145 152 163 165 166 177 195 197 210 089 219 222 231 247 320 357 375 379 407 408 421 428 429 437 454 601 611 612 622 642 654 767 302 854 
 UNIVOX 324 049 104 125 152 166 089 411 
 UTAX 050 166  
 V2MAX 031
 V7 (VIDEOSEVEN) 011 194 242 699 723 162 738 361 781  
 VANGUARD 087 049  
 VD-TECH 762
 VECTOR 781
 VECTOR RESEARCH 405
 VENTURER 776 800  
 VESTEL 044 049 104 125 152 166 379 654 118  
 VEXA 049 152 195
 VICTOR 007 170 302 190 169 022  
 VIDEOCON 455 039 049 322
 VIDEOLOGIC 123 181  
 VIDEOLOGIQUE 123 181 379
 VIDEOSAT 536 166 063 206 673 613 611 810 540 539 633 102 198 351 476 428 479 049 678 
 VIDEOSEVEN 162 738 699 361 242  
 VIDEOSYSTEM 049 152  
 VIDEOTECHNIC 113 181 193 226 379 604  
 VIDEOTON 104 166  
 VIDIKRON 045 136 171 749 747  
 VIDION 451
 VIDTECH 018 011  
 VIEWPIA 697 803 528 073 230 489  
 VIEWSONIC 073 052 242 605 790  
 VIEWSTAR 397
 VIORE 125 199  
 VIPER 089
 VISA 049
 VISIOLA 181 379  
 VISION 049 113 152 601 604  
 VISIONPLUS 419
 VISIONQUEST 179
 VISOREX 442
 VISTAR 104 236 611
 VISTRON 347 153 849
 VISUAL INNOVATIONS 376 419  
 VIVAX 047 633 030 049 611 536 472 465 198 215 433 193 250 753 118 179 728  
 VIVID 118
 VIZIO 467 011 518
 VOLTEC 074
 VORTEC 049 152  
 VOXSON 324 049 065 090 044 104 011 152 163 166 245 407 613 224
 VU 493 532 489
 WALKER 044 118 820
 WALKIE 469
 WALTHAM 379 049 044 104 152 163 165 166 182 603 620 654 118 438
 WANLIDA 550
 WANSA 493
 WATSON 049 607 104 113 123 152 166 194 195 239 247 604 654 734 767 784 810 118 162 047  
 WATT RADIO 045 050 068 104 166 181 379 
 WEGA 018 049 104 152 324 065 088 
 WEGAVOX 049 195 044
 WELLTECH 047 350  
 WELTBLICK 049 113 152 604
 WELTSTAR 195 049 215 241 421 163 002 616 509 472 649 508 435 654 601 166 047 457 118 
 WESTON 049 168  
 WESTWOOD 118
 WHARFEDALE 494 025 049 555 152 694 702 044 061 122 714 848
 WHITE WESTINGHOUSE 302 049 050 094 113 125 152 181 089 379 456 604 436 545 514 198 526 644 013 464 541 465 102 177 052 716 045  
 WILSON 122
 WINBOOK 313
 WINCO 426
 WINDSOR 049 654 044 118
 WINDSTAR 125 378  
 WINDY SAM 049 122  
 WINTAL 315
 WINTEL 047 737  
 WINTERNITZ 471
 WORLD-OF-VISION 031 047 244 698 699 723 746 043 361 786  
 WORLD-TECH 049
 WORLDVIEW 380 139  
 X4-TECH 739 764  
 XENIUS 456 044 350 748 118  
 XIAHUA 023 161 049 658 122 524 011 
 XIAOMI 399
 XION 322
 XIRON 555 118 848
 XLOGIC 658 514 023 161 049 011 122 524 
 XOMAX 348
 XORO 023 723 161 039 803 361 843 
 XRYPTON 049 152  
 X-VIEW 250
 XYNO 812
 YAKUMO 836 826  
 YALOS 841
 YAMAHA 474 075 096 795 770 022 032 405 
 YAMISHI 380 049 123 152 378 379  
 YES 122
 YOKAN 049 152  
 YOKO 379 049 050 076 601 123 152 181 195 198 421 
 YORK 062
 YORX 123
 YTAWAI 245
 YU-MA-TU 195 049 509 516 541 214 542 416 355 618 699 102 611 247 544 601 063 616 472 
 YUSMART 836
 ZANUSSI 040 071 079 104 152 236 379 613 
 ZAPP 049
 ZENITH 456 022  
 ZENOR 198  
 ZEPTO 118  
 ZIRWATEL 302  
 ZONDA 195  
 ZOPPAS 040 071 079 104  
 ZX 011 166 810